       -12          0          0          0          0          0          0          0          0          0          0          0          0          0          0          0          0          0          0          0          0          0          0          0          0          0          0          0          0          0          0          0          0          0          0          0          0          0          0          0          0          0          0 
   -11.891          0          0          0          0          0          0          0          0          0          0          0          0          0          0          0          0          0          0          0          0          0          0          0          0          0          0          0          0          0          0          0          0          0          0          0          0          0          0          0          0          0          0 
   -11.783          0          0          0          0          0          0          0          0          0          0          0          0          0          0          0          0          0          0          0          0          0          0          0          0          0          0          0          0          0          0          0          0          0          0          0          0          0          0          0          0          0          0 
   -11.674          0          0          0          0          0          0          0          0          0          0          0          0          0          0          0          0          0          0          0          0          0          0          0          0          0          0          0          0          0          0          0          0          0          0          0          0          0          0          0          0          0          0 
   -11.566          0          0          0          0          0          0          0          0          0          0          0          0          0          0          0          0          0          0          0          0          0          0          0          0          0          0          0          0          0          0          0          0          0          0          0          0          0          0          0          0          0          0 
   -11.457          0          0          0          0          0          0          0          0          0          0          0          0          0          0          0          0          0          0          0          0          0          0          0          0          0          0          0          0          0          0          0          0          0          0          0          0          0          0          0          0          0          0 
   -11.349          0          0          0          0          0          0          0          0          0          0          0          0          0          0          0          0          0          0          0          0          0          0          0          0          0          0          0          0          0          0          0          0          0          0          0          0          0          0          0          0          0          0 
    -11.24          0          0          0          0          0          0          0          0          0          0          0          0          0          0          0          0          0          0          0          0          0          0          0          0          0          0          0          0          0          0          0          0          0          0          0          0          0          0          0          0          0          0 
   -11.131 8.4721e-05     1.2509  2.144e-09     1.4641    0.19922    0.81369          0          0          0          0          0          0          0          0 1.0378e-11     16.335  1.349e-05     3.5423    0.22266     1.4584          0 1.3329e-13     20.962 1.1677e-05     3.6223    0.36318     2.1774          0 3.5172e-16     27.425 3.2222e-08     3.6223    0.24609    0.25874          0          0          0          0          0          0          0          0 
   -11.023 9.8733e-05     2.0261 2.2018e-09     3.5238    0.20112     2.1827          0 3.3299e-05     1.8345 3.6839e-09     3.1875    0.87827     2.2522          0 4.0085e-08     8.4024 1.8457e-08     3.5423     0.1211    0.68064          0 2.8928e-05     1.9473 9.5594e-08     3.4091    0.88671    0.37322          0 4.1906e-05     2.0424 7.2656e-08     3.4358     0.8867    0.97094          0          0          0          0          0          0          0          0 
   -10.914  0.0008211    0.31942 6.4477e-10     3.6353   0.090359    0.24682          0 0.00011528     0.9371 7.9033e-07     3.5779    0.57882    0.94307          0 0.00015728    0.64062 2.5765e-05     3.5842    0.26595     2.0374          0  1.234e-08     10.589 4.7513e-07     3.3044    0.18075     1.1735          0 2.5675e-18      32.42 9.8287e-06     3.2226    0.70703    0.42663          0  0.0003847    0.82852 6.6593e-08     3.6378    0.22471    0.74604          0 
   -10.806 0.00078511    0.91068 6.4626e-08      3.066    0.48648     1.8797          0 7.6128e-05     2.2271 2.5693e-07     3.4834    0.40454    0.60547          0  0.0002117    0.66342 3.3838e-08     3.5853    0.61227     0.7361          0 2.6343e-09     12.464 2.6628e-06     3.2266    0.49956     1.1002          0  0.0008117    0.55599 5.7572e-07     3.6485    0.68466     1.6885          0 3.7204e-07     7.5798 2.4043e-05     3.1996    0.42113     1.2554          0 
   -10.697  0.0001033     2.5872 5.0656e-08     2.7434    0.75055     1.7465          0  0.0003319    0.52675  9.121e-09     3.3263    0.82771    0.47062          0 1.9885e-05     3.3349 8.6482e-07     2.9136    0.74432     1.3129          0 0.00038771    0.44071   1.06e-06     3.4626    0.81082      1.112          0 9.6205e-06     3.8383 4.8474e-07     3.5273    0.20804    0.18267          0 1.2691e-05     4.2093  1.148e-06     3.1681    0.18187    0.81898          0 
   -10.589 0.00083977    0.40593 4.8992e-08     3.4866     0.3693    0.48134          0  0.0013461    0.60343 3.0471e-08     2.9476     0.5434     1.8112          0 2.8599e-05     2.8991 8.9007e-07     2.4837    0.82397     1.9095          0 0.00079899    0.89443 2.4865e-06     3.3771    0.26771     1.3627          0 0.00067477    0.23965 9.2525e-08     3.4316    0.75788     1.8533          0 0.00060977     0.1454 1.7885e-08     3.6489    0.11329    0.17481          0 
    -10.48  0.0031174    0.72848 4.5614e-07     2.2665    0.59734     2.1614          0 0.00078782     1.3277 5.3261e-07     2.3656    0.60403     2.3252          0 0.00038786     1.2361 1.6724e-06     2.9031    0.70559     1.3477          0 0.00087262    0.84065 5.7257e-06     3.1189     0.3313     1.5471          0 2.0145e-05     3.8297 1.6584e-05     2.9866     0.3603       1.13          0  0.0002425     1.7677  2.345e-05     3.2001    0.37287     1.1923          0 
   -10.371  0.0036809    0.73437 1.1421e-07     2.9422     0.4738     1.6525          0  0.0019705    0.98633 1.6732e-06     3.0275    0.41995      1.715          0  0.0027335    0.77617 2.9575e-06     2.8447     0.5759     2.0546 0.00073161   0.001174    0.84348 6.3812e-06     3.0092    0.72137     2.0318          0 0.00030353      1.821 1.3744e-05     3.1626    0.42489    0.83854          0 0.00056626     1.4678 1.7816e-05     3.0391    0.38148    0.71066          0 
   -10.263  0.0076867    0.60642 4.1585e-07     2.7229    0.57938     1.3407          0   0.005852     0.7105 2.5656e-06     2.7933    0.59757     1.4423          0  0.0030152       1.19 4.5051e-06     2.7295    0.57575     1.9695          0  0.0031526    0.72245 4.9319e-06     2.9705    0.55124     2.0475          0  0.0017595    0.98769 1.0465e-05     2.9572    0.70311     1.7962          0   0.002764     0.6374 9.9686e-06     2.9904    0.52537      1.247          0 
   -10.154   0.010267    0.82515 1.9819e-06     2.6261    0.49741     1.9851          0   0.010709    0.82368 2.9928e-06     2.4947    0.57832     2.0158          0  0.0074252    0.79612  4.799e-06     2.7942    0.57336     1.8321          0  0.0041263     1.0537 1.1114e-05     2.8723    0.57518     1.8701 1.3276e-09  0.0040918    0.94273 1.4228e-05     2.9985    0.61455     1.2708          0  0.0054192    0.59791 1.8174e-05     3.0563    0.66237     1.0343          0 
   -10.046   0.021218    0.75244 2.0614e-06     2.6284    0.52121     1.9242          0   0.019954    0.77844 3.3692e-06     2.6558    0.54672     1.8474 3.5229e-14   0.015006     0.8331 6.4793e-06      2.674    0.55923     1.7464          0   0.011508    0.84628 1.2916e-05     2.8794    0.50778     1.4999 1.7974e-08  0.0069373    0.87346 1.4563e-05     2.9731    0.50256     1.2412          0  0.0097771    0.60727 1.8819e-05     3.0351    0.43564     1.0215          0 
   -9.9371   0.039335    0.78668 3.4011e-06      2.633    0.56348     1.7619 2.0394e-15   0.036097    0.87886 4.7544e-06     2.5673    0.57174      1.858 7.0421e-05    0.03268    0.89777 9.6785e-06     2.7182    0.55391     1.7284 1.1315e-08    0.02765    0.84941 1.5944e-05     2.8032    0.55083     1.7005 1.7699e-09   0.015181    0.80507  2.554e-05     2.9256    0.54974     1.2854 8.1635e-11   0.016288     0.8029 2.5729e-05     2.9865    0.58724     1.0119          0 
   -9.8285   0.074067    0.88165 4.7448e-06     2.5266    0.57744     1.7972          0   0.071683     0.8859 7.1773e-06      2.581    0.56319     1.7722 1.0678e-07   0.057349     0.9254 1.2497e-05     2.6055    0.55848     1.7069 3.6636e-08   0.047829    0.80726 1.8347e-05     2.7412    0.54137     1.6094 3.0957e-07   0.038479    0.80223 2.6178e-05     2.8736    0.52274     1.3952 3.5153e-09   0.030137    0.76942 2.7094e-05     2.8798    0.51944     1.4567 5.4674e-13 
     -9.72    0.15593    0.83805 5.8546e-06     2.4858    0.54501     1.8365  1.516e-17    0.13658    0.86271 9.6433e-06     2.5124    0.55552     1.7448 1.9942e-05    0.10891     0.8768 1.5123e-05     2.5477    0.54267      1.805 9.3408e-06   0.083841     0.8568 2.2187e-05     2.6523    0.54495     1.7272 2.6815e-06   0.060382     0.9078 2.9047e-05      2.782    0.55783      1.526 7.0856e-05   0.049194     0.8933   3.26e-05     2.8542    0.55133     1.4399 4.5776e-08 
   -9.6114    0.28741    0.86711  7.956e-06     2.4083    0.56429     1.8167 6.8499e-07    0.25322    0.87621 1.0556e-05     2.4081    0.56708     1.8247  1.453e-05    0.21024    0.86783 1.7503e-05     2.4296     0.5568     1.8318 3.6461e-06    0.15658    0.87969 2.6947e-05     2.5478    0.55132     1.7776 1.3541e-06    0.12016    0.85245 3.5259e-05     2.6815    0.54053     1.7155 4.9941e-06   0.096675    0.97113 4.0808e-05     2.7168    0.54527       1.58 6.9658e-09 
   -9.5028    0.52538    0.90381 9.8241e-06     2.3262    0.55787     1.7656 1.2242e-06    0.47901    0.88079 1.3366e-05     2.3335    0.55706     1.8111 1.0217e-06    0.39095    0.85377 2.1239e-05     2.3801    0.55419     1.8725 4.7783e-06    0.28339    0.89732 3.1008e-05     2.4252    0.54319     1.8952 2.1534e-05    0.22197    0.90193  4.204e-05     2.5607    0.54028     1.8418 3.3241e-05    0.20992    0.91297 4.5022e-05     2.6054    0.54685     1.8172 4.1506e-06 
   -9.3942     1.0052    0.86217 1.1416e-05     2.2499    0.55195     1.8427 1.4681e-05    0.87466    0.85588  1.492e-05     2.2557    0.54973     1.8645 1.0476e-05    0.69639    0.83838 2.2985e-05     2.2852    0.55159     1.9263 1.8149e-05    0.51582    0.85812 3.5328e-05      2.328    0.54388     1.9971 9.2516e-06    0.41443    0.88618 4.8082e-05     2.4242    0.54464     2.0087 1.3467e-05    0.37793    0.86654 5.3682e-05     2.4599    0.54343     1.9971 3.2818e-05 
   -9.2857     1.6931    0.73974 1.2636e-05     2.1613    0.56033     1.8547 5.8551e-06     1.4874    0.75863  1.562e-05     2.1605    0.55216      1.921 7.7818e-06     1.2127    0.78272 2.4781e-05     2.1721    0.54826     2.0072 6.3609e-06    0.92813    0.80605 4.0003e-05     2.2133    0.54793     2.1142 6.1277e-06    0.73117    0.84628 5.4372e-05     2.2704    0.55321     2.2153 1.5168e-05    0.72449    0.82288 5.9864e-05     2.3008    0.55524     2.2132 3.9294e-06 
   -9.1771     2.4306    0.55369 1.2306e-05     2.0433    0.57211      1.925 7.4508e-06     2.2454    0.61799 1.5114e-05     2.0443    0.56307      1.989 7.6494e-06     1.9167    0.67628 2.5531e-05     2.0455    0.55493     2.1064 1.6381e-05     1.5268    0.72672 4.4078e-05     2.0492    0.55507     2.2413 1.0762e-05      1.275     0.7689  6.073e-05     2.0884    0.55445     2.3338 2.5428e-05     1.2077    0.77736  6.585e-05     2.1128    0.55554     2.3728 4.2158e-05 
   -9.0685     2.9159     0.3963 1.0477e-05     1.9022    0.58636     2.0482 2.3981e-05     2.9743    0.49667 1.3346e-05      1.905    0.57982     2.1061 1.1506e-05     2.7071    0.59449  2.502e-05     1.8856    0.57215     2.2469 1.9501e-05     2.3037    0.66533 4.7771e-05     1.8703    0.56898     2.4166 1.1334e-05     2.0539    0.68793 6.6137e-05      1.898      0.563     2.5215  3.361e-05     1.9727    0.69629 7.2596e-05     1.9006     0.5582      2.579 1.0141e-05 
   -8.9599      3.158    0.24823 8.8453e-06     1.7897    0.59566     2.2493 1.4715e-05     3.6469    0.37745 1.1078e-05     1.7692     0.5903     2.3082 9.4133e-06     3.6767    0.50191 2.3375e-05      1.733    0.58464     2.4521 2.3744e-05     3.3483    0.57361  5.024e-05     1.7085    0.57772     2.6489 2.2645e-05     3.1021    0.60507 7.0984e-05     1.7085    0.57246     2.7852 2.3085e-05     3.0026    0.60881 7.7518e-05     1.7102    0.56937     2.8408 1.7389e-05 
   -8.8514     3.0846    0.13727 7.7203e-06     1.7057    0.59667     2.4405 2.7275e-05     3.9979    0.24521 9.7425e-06     1.6708    0.59382     2.5442 1.5867e-05     4.6016    0.37334 2.1803e-05     1.6076    0.58823     2.7426 1.6399e-05     4.5571    0.46022  5.202e-05     1.5766     0.5821     2.9466 2.4694e-05     4.3424    0.50206 7.5151e-05     1.5567    0.57409     3.0598 2.4625e-05     4.2065    0.50763 8.1828e-05     1.5504    0.56772     3.1477 2.2852e-05 
   -8.7428     2.8138   0.064705 7.0139e-06     1.6529    0.60063     2.5648 4.2115e-05      4.066    0.13823 8.7291e-06     1.5927     0.5912     2.7885 3.9838e-05     5.2547    0.23744 2.0813e-05     1.5135    0.58446     3.0446 2.5962e-05     5.7603    0.32892 5.3125e-05     1.4597    0.57734     3.2969 2.2174e-05      5.688    0.38997 7.8266e-05     1.4322    0.57238     3.4348 4.0294e-05      5.627    0.40641 8.5708e-05     1.4159    0.56564      3.512 2.2948e-05 
   -8.6342     2.3684   0.028955 6.4968e-06     1.6029    0.59673      2.657 6.5903e-05      3.737   0.069916 8.0281e-06     1.5326    0.58861       2.98 4.9295e-05     5.4272    0.13672 2.0017e-05     1.4351    0.57744     3.3287 2.7802e-05     6.4099    0.21265 5.3948e-05     1.3592    0.56963     3.6804 4.1024e-05     6.8117    0.27547 8.0567e-05     1.3179    0.56217     3.8692 3.0116e-05     6.7882     0.2908 8.8676e-05     1.2982    0.55637     3.9282 2.6952e-05 
   -8.5256      1.896   0.012254 5.8871e-06     1.5546    0.59386     2.7634 0.00010593      3.289   0.033444 7.5001e-06     1.4778    0.58147     3.1324 6.3425e-05      5.215   0.072045 1.9224e-05     1.3707    0.56932     3.6121 7.3196e-05     6.6684    0.12347 5.4433e-05     1.2773    0.56057     4.0731 3.2444e-05     7.4676    0.16964 8.2454e-05     1.2261    0.55401     4.2803 4.0764e-05     7.5171    0.18165 9.0999e-05     1.2054    0.54806     4.3171 3.4481e-05 
   -8.4171     1.4707  0.0050246 5.7834e-06      1.526    0.58783     2.8906  0.0001961     2.7414   0.015445 6.9789e-06       1.43    0.57554     3.2993 8.9968e-05     4.7099   0.036083 1.8704e-05     1.3122    0.56235     3.8547 8.2811e-05     6.4972   0.066816 5.4599e-05     1.2065    0.55209     4.3851 7.1583e-05     7.5393   0.095947 8.3868e-05     1.1481    0.54359     4.6739 6.0784e-05     7.7206    0.10567 9.2727e-05     1.1254    0.53704     4.7562  4.981e-05 
   -8.3085     1.1251  0.0019382 5.4935e-06     1.5001    0.58193     2.9337  0.0004051     2.2318  0.0067736  6.671e-06     1.3911    0.56936     3.4318 0.00015581     4.0833    0.01721 1.8266e-05      1.259     0.5537      4.057 6.7062e-05      5.934   0.033745 5.5048e-05     1.1443     0.5442     4.6982 7.4895e-05     7.2096   0.050864  8.469e-05     1.0832    0.53583     5.0458  6.468e-05     7.4927   0.056108 9.3796e-05     1.0629    0.53017     5.1127 5.3079e-05 
   -8.1999    0.79392 0.00074851 5.1705e-06     1.4654    0.57378     3.0371 0.00033756      1.749  0.0029557 6.2656e-06       1.35    0.56272     3.5944 0.00023683     3.4713  0.0080182  1.787e-05     1.2079    0.54601     4.2912 0.00015189     5.2872   0.016427 5.5156e-05     1.0868     0.5346     4.9442 9.6907e-05     6.5908   0.025502 8.5562e-05     1.0211    0.52655     5.3428 6.8804e-05     6.9484   0.028727 9.4789e-05     1.0018    0.52299     5.4268 6.3498e-05 
   -8.0913    0.56559 0.00027346 4.9292e-06     1.4528    0.56635      3.091 0.00099217     1.3225  0.0012463 5.9983e-06     1.3111    0.55436     3.7841 0.00044755     2.8566  0.0036051 1.7395e-05     1.1571    0.53738     4.5146 0.00024814     4.6222  0.0078711 5.5316e-05     1.0326    0.52877     5.2667  0.0001191     5.8565   0.012715 8.6052e-05    0.96568    0.52054     5.6721 0.00014321     6.2389   0.014186 9.5521e-05    0.94806    0.51493      5.731 0.00010533 
   -7.9828    0.38822 9.3556e-05 4.7735e-06     1.4542    0.55897     3.1716  0.0024804    0.98137 0.00050369  5.785e-06     1.2771    0.54718     3.9003 0.00088173     2.2608   0.001629 1.7181e-05      1.109    0.52907     4.7869 0.00042285      3.864  0.0036841 5.5626e-05    0.98168     0.5217      5.581 0.00026053     5.1544  0.0061577 8.6528e-05    0.91709    0.51575     6.0004 0.00018754     5.5017  0.0067772 9.6119e-05    0.90081    0.51014     6.0083 0.00020784 
   -7.8742    0.25485 3.1732e-05 4.5141e-06     1.4585    0.55615     3.2643  0.0032669    0.70212 0.00019693  5.584e-06     1.2477    0.53943     4.0982  0.0016769     1.7692 0.00071735  1.698e-05     1.0634    0.52414     5.1905 0.00049437     3.2345  0.0017068 5.5835e-05    0.93369    0.51648     5.9026 0.00034895     4.3767  0.0029972 8.7132e-05    0.86502    0.50927     6.2944 0.00026954     4.7385  0.0032268 9.6787e-05    0.85134    0.50256     6.3381 0.00031677 
   -7.7656    0.17838 9.5484e-06 4.6017e-06     1.4813    0.54636     3.3293  0.0067406    0.49612 7.6366e-05  5.587e-06     1.2331    0.53425     4.2769  0.0030365     1.3591 0.00030174 1.7089e-05     1.0311    0.51755      5.385  0.0011863      2.632 0.00078162 5.6272e-05    0.88825     0.5113     6.2134 0.00065506     3.6178  0.0014393 8.7627e-05    0.82124    0.50432     6.6454 0.00046271     3.9522  0.0015517 9.7242e-05    0.80908     0.4998     6.6852 0.00039123 
   -7.6571    0.12357 2.6095e-06 4.6261e-06     1.6213    0.53576     3.2073   0.010997    0.34756 2.7462e-05 5.5424e-06     1.2405    0.53505      4.489   0.004555      1.023 0.00012502 1.7394e-05    0.99273    0.51876     5.6709  0.0018098     2.0773 0.00036289  5.696e-05     0.8437    0.50789     6.6177 0.00093771     2.9455 0.00067344 8.7925e-05     0.7808    0.49947     6.9506 0.00066485     3.2984  0.0006921 9.7684e-05    0.77031    0.49191     6.8301 0.00058353 
   -7.5485   0.092472 5.4795e-07 4.9461e-06     1.7979    0.54759     3.1711   0.026132     0.2462 8.8845e-06 5.7276e-06     1.2856     0.5352     4.6244  0.0083758    0.75677 5.3333e-05 1.7395e-05    0.96134    0.51339     6.1292  0.0026063     1.6517 0.00016332 5.7316e-05    0.80671    0.50451     6.9764  0.0018103     2.3583 0.00030956 8.8484e-05    0.73864    0.49521     7.2731 0.00093651     2.7149 0.00032353 9.8301e-05    0.73202    0.48823     7.2055  0.0010296 
   -7.4399   0.070332 1.5361e-07 4.9714e-06     1.9023    0.54484     3.1722   0.025208    0.17428 2.8716e-06 5.9515e-06     1.3215    0.53261     4.7382   0.014588    0.55595 2.1119e-05 1.7596e-05    0.95146    0.51337     6.3724  0.0048812     1.2761 7.1458e-05 5.7565e-05    0.76996    0.49949     7.3231  0.0024025     1.8988 0.00014374 8.8716e-05    0.70459    0.49057      7.606  0.0015154     2.1506 0.00014283 9.8223e-05    0.70406    0.48529     7.4929  0.0013526 
   -7.3313   0.057435 2.8939e-08 6.1462e-06     1.9851    0.56648     3.0113   0.062646    0.12677 8.6645e-07 6.5269e-06     1.3978    0.53982     4.7997   0.021353    0.40178 8.5696e-06 1.8295e-05    0.94495    0.51548     6.6809  0.0074729    0.98103 3.0518e-05 5.8344e-05    0.74786    0.49847     7.6431  0.0039909     1.4714 6.2942e-05 8.9017e-05    0.67774    0.48806     7.8618  0.0024427     1.6705 6.4837e-05 9.8705e-05    0.66973    0.48209     7.8006  0.0025111 
   -7.2228   0.049412 6.3034e-09 5.7826e-06     2.1034    0.57901      2.838   0.074657   0.095949  2.626e-07  6.948e-06     1.4871    0.54514     4.7464   0.034891    0.29347 3.3424e-06 1.8567e-05    0.94154    0.51581     6.9618   0.014318    0.73564 1.2742e-05 5.8441e-05    0.72647    0.49746     7.9557  0.0055494     1.1403 2.7119e-05 8.9114e-05    0.65894    0.48391     8.1368  0.0036829     1.2891 2.7107e-05 9.8712e-05    0.65037     0.4781     8.1117  0.0039992 
   -7.1142   0.042108 1.5312e-09 6.0734e-06     2.1617    0.57315     2.8607   0.095632   0.075054 7.3452e-08 7.8524e-06     1.5839    0.55817      4.715   0.059926    0.21562 1.2454e-06 1.9494e-05    0.97634    0.52892     7.0666   0.022305    0.55408  5.002e-06 5.9125e-05    0.72792    0.49951     8.1269   0.010139    0.85147 1.1069e-05 8.9497e-05    0.64914    0.48137     8.4603  0.0072518    0.97478 1.0749e-05 9.8426e-05    0.64232    0.47586     8.1859  0.0061444 
   -7.0056   0.037116 4.3986e-10 6.1023e-06     2.2584    0.56741     2.7697    0.10652   0.060064 1.9701e-08 8.1376e-06      1.733    0.56643     4.4465   0.086771    0.15992 4.2001e-07 2.0115e-05     1.0149    0.53217     7.0649   0.037113    0.40791 1.9167e-06 5.9172e-05    0.72653    0.50179      8.338   0.016082    0.63719 4.4807e-06 8.9668e-05    0.63565    0.47863     8.5603    0.01102    0.72065 4.2167e-06 9.8649e-05    0.63566    0.47422     8.3068   0.011731 
    -6.897   0.030932  1.349e-10 8.2666e-06       2.26    0.53654     2.9323    0.19376   0.049191 4.2562e-09 9.0764e-06     1.8143    0.56447     4.2115    0.11671    0.11699 1.4482e-07 2.0539e-05      1.069    0.54594     7.0792   0.055138    0.30032 7.0449e-07 5.9974e-05    0.73385    0.50315     8.4789   0.024355    0.45836 1.6504e-06 8.9327e-05    0.64678    0.48119     8.6894    0.01654    0.50758 1.5807e-06 9.8096e-05    0.63861    0.47519     8.4312   0.015233 
   -6.7885   0.026347 4.5418e-11  8.644e-06     2.2804    0.57247     2.9587    0.26265   0.037142 1.1458e-09  9.613e-06     1.8587    0.57033     4.2103    0.15985   0.086646 4.1012e-08 2.1178e-05     1.1503    0.55597     6.8395   0.085937    0.21168 2.3018e-07 5.9665e-05    0.76468    0.50834     8.4741   0.041611     0.3174 5.6451e-07 8.9142e-05    0.67273    0.48194     8.7846   0.029525    0.36606 5.5763e-07 9.7912e-05    0.66189    0.47332     8.4723   0.030194 
   -6.6799   0.023439 1.3856e-11   9.49e-06     2.3379     0.5581     3.0854    0.28787    0.03209 2.8934e-10 1.1138e-05     1.9623    0.57178     4.0126    0.25278   0.065453 1.2141e-08 2.1874e-05     1.2457    0.55684      6.771    0.13631    0.15078 7.2229e-08 5.9578e-05    0.83869    0.51587     8.3138   0.070408    0.21985 1.7596e-07 8.8576e-05    0.72199    0.48491     8.6309    0.05345     0.2407 1.7794e-07 9.7243e-05    0.71719    0.48108     8.3421   0.055351 
   -6.5713   0.019304  3.813e-12 1.2576e-05     2.3913    0.55578     3.3765    0.42274   0.026418 6.5622e-11 1.2184e-05     2.0194    0.57059     4.0737    0.31448   0.048848 3.2283e-09 2.3753e-05     1.3674    0.57323     6.4724    0.20656    0.10534 2.0475e-08  5.977e-05    0.92649    0.52404     8.1508    0.11334    0.14534 5.1744e-08 8.8161e-05    0.78976    0.49007     8.6569   0.086606    0.16618 5.4305e-08 9.6312e-05    0.79533    0.48383     8.2708    0.09263 
   -6.4627   0.017971 1.2077e-12 1.4314e-05     2.4022    0.53798     3.8015    0.54258   0.022378  1.462e-11 1.3893e-05     2.1199     0.5578     3.9381    0.41781   0.038252 7.2578e-10 2.6215e-05     1.5227    0.57249     6.0878    0.31365   0.074182 5.4395e-09 5.9556e-05     1.0651    0.53549     7.7708    0.19375   0.096792   1.41e-08 8.6824e-05    0.93802    0.50014     8.3112    0.16379    0.10757 1.5091e-08 9.5816e-05    0.88372    0.48971     8.1669    0.15177 
   -6.3542   0.014763 2.9984e-13 1.2933e-05     2.3578    0.55872     3.7395    0.62416   0.020018 3.4141e-12 1.5875e-05     2.1718    0.55182     4.1028    0.56339    0.03019 1.5468e-10  2.775e-05     1.6623    0.57404      5.812    0.44077   0.054144 1.2962e-09 6.0112e-05     1.2366    0.54307     7.3907    0.30219   0.065643 3.2418e-09 8.7687e-05     1.1092    0.50663     7.8334    0.27307   0.073462 3.5303e-09 9.4654e-05      1.101    0.49917     7.6875    0.27338 
   -6.2456   0.013981 1.0698e-13  1.411e-05     2.2935    0.53399     3.9672    0.74826   0.018011 7.3627e-13 1.7404e-05       2.22    0.54187     4.3521    0.67204   0.026077 2.5533e-11 2.8975e-05     1.8608     0.5719     5.4871    0.59484   0.041663  2.459e-10 6.0076e-05     1.4744    0.54691     6.8274    0.46162   0.048333 5.8821e-10 8.5842e-05     1.3902    0.52064     7.1548    0.44096   0.050654 6.9563e-10 9.4314e-05     1.3338    0.51647     7.0805    0.42078 
    -6.137   0.014612 1.7967e-14 1.6488e-05     2.3173    0.53346     4.5766      0.841   0.015423 1.7647e-13 1.8892e-05      2.242    0.54346     4.6421    0.77479   0.021016 4.7622e-12 3.0282e-05     1.9167    0.56344     5.3175    0.71101    0.03245 4.6075e-11 6.0846e-05     1.6733    0.55169     6.2389    0.61084   0.037873 9.4399e-11 8.6082e-05     1.6109    0.52932     6.5934    0.62363   0.040057 1.1356e-10 9.6418e-05     1.6316    0.51798     6.6314      0.618 
   -6.0285   0.013462 5.8779e-15 1.6977e-05     2.2747    0.53639     4.6183    0.89909   0.016286 2.5658e-14 2.0148e-05     2.1934    0.53426     4.7994    0.88072   0.020559 6.9416e-13 3.2013e-05     1.9904    0.55135     5.2357    0.82943   0.028506 7.7771e-12  6.098e-05     1.8258    0.54786     6.1302    0.75281   0.035641  1.054e-11 8.7186e-05     1.8679    0.52783     6.0691    0.79844   0.034507 1.2706e-11 9.4618e-05     1.8235    0.52384     6.0443    0.79191 
   -5.9199   0.013616 1.2464e-15 1.6397e-05     2.2336    0.54815     4.9454     0.9444   0.016003 5.2957e-15  2.031e-05     2.1679    0.53118     4.9205    0.93481   0.020185 1.0326e-13 3.0818e-05      2.044    0.54641     5.3589    0.90594   0.028576 9.3026e-13 6.1999e-05      1.961    0.53382     5.6699    0.87358   0.032355 1.2751e-12 8.5548e-05     1.9626     0.5215     5.7061    0.89528    0.03536 1.1238e-12 9.5807e-05     1.9991    0.51886     6.1015    0.89919 
   -5.8113   0.012308 2.3654e-16  1.588e-05     2.1227    0.54218     4.5116    0.95891    0.01563  1.213e-15 1.9742e-05     2.1156    0.53338     4.9977    0.96006   0.021086 1.5505e-14 3.2138e-05      2.037    0.53759     5.3433    0.95461   0.028104 1.2492e-13 6.1832e-05     1.9591    0.53664     5.5444    0.93675   0.034287 1.1985e-13 8.8594e-05     2.0008    0.53736     5.7827    0.95459   0.031882  1.239e-13  9.281e-05     1.9226    0.52385     5.7086    0.95259 
   -5.7027   0.013173 4.2623e-17 1.4466e-05     2.0543    0.53015     5.0645    0.97274   0.014996  2.546e-16 1.6655e-05     2.0614    0.53506     5.3221    0.97601   0.021664  2.394e-15 3.0354e-05      1.984    0.54066     5.4904    0.97862   0.030772 1.2594e-14 6.1095e-05     2.0132    0.53394     5.7356     0.9732   0.034598 1.4193e-14 8.8221e-05     1.9481    0.52429     5.9952    0.98044    0.03773 1.5832e-14 9.7606e-05      1.977    0.52635     5.9767    0.98263 
   -5.5942   0.014145 1.0527e-17 1.3908e-05     2.0482    0.52888     5.2087    0.98211   0.015883 6.1982e-17 1.6254e-05     1.9608    0.53955     5.4379    0.98701   0.023888 3.4711e-16 2.9886e-05     1.9599    0.53731     5.5331    0.99085   0.029671 1.7889e-15 6.1338e-05     1.8981    0.53987     5.6338    0.98771   0.037613 1.3482e-15 8.8678e-05     1.8881    0.53295     5.8182    0.99242   0.040784  1.037e-15 9.4765e-05     1.8846    0.52052     6.1844    0.99261 
   -5.4856   0.012005 4.3122e-18 1.3206e-05     1.9696    0.54405     5.4816    0.98101   0.016704 9.2067e-18 1.7054e-05     1.9854    0.53815     5.7793    0.99062   0.023112 7.4188e-17 2.9037e-05     1.9054    0.55051     5.9541     0.9948   0.033908 3.0315e-16 5.9973e-05     1.8668    0.52751     5.9176    0.99492   0.040825 1.2146e-16 8.5771e-05     1.8764    0.52117     5.8972    0.99705   0.044828 9.6969e-17 9.5257e-05     1.8855    0.51786     6.0443    0.99738 
    -5.377   0.012472 8.9253e-19 1.4616e-05     2.0041    0.53919     5.4486    0.98992   0.015782 1.9255e-18 1.6053e-05     1.9353    0.54892     5.5255     0.9925   0.023512 1.2003e-17 2.7456e-05     1.8651    0.54928     5.8507    0.99712   0.034907 3.6865e-17 6.1327e-05     1.8344    0.52699     5.9299    0.99755    0.04204 5.3507e-17 8.5727e-05     1.7885    0.52808      6.121    0.99855   0.045265 2.6467e-17 9.4738e-05     1.7969    0.52001     6.1532     0.9986 
   -5.2684   0.011873 3.1909e-19 1.2543e-05     1.8656    0.57552     5.2585    0.98627   0.015406 6.6678e-19 1.5413e-05      1.899     0.5451     5.7702    0.99348   0.023576 2.1969e-18 2.7692e-05     1.8084     0.5388      5.861    0.99761   0.035552 1.0917e-17 5.8689e-05     1.7389     0.5411     6.1211    0.99863   0.044987 3.2514e-18  8.497e-05     1.7519     0.5236      6.432     0.9991   0.046019 2.8149e-18 9.4311e-05      1.681    0.52087     6.3085    0.99919 
   -5.1599   0.010632 1.9284e-19 1.1105e-05     1.8645     0.5226     6.4196    0.98767   0.014123 1.7718e-19 1.4975e-05     1.8372    0.55348     5.9736    0.99407    0.02412 5.6698e-19 2.6727e-05     1.7909    0.54588     6.3418    0.99788   0.034357 1.2704e-18 6.0401e-05     1.6908    0.53423     6.0768     0.9993   0.046562  5.194e-19  8.625e-05     1.6911    0.52434      6.265     0.9993   0.052702 9.8486e-19 9.3978e-05      1.694     0.5294     6.6131    0.99947 
   -5.0513    0.01067 6.5046e-20 1.2824e-05     1.8637    0.55266     5.5031    0.98953   0.014026 8.1603e-20 1.3988e-05     1.7895    0.54813     6.3404    0.99481   0.024184 1.4232e-19 2.6423e-05     1.7107    0.53879     6.5631    0.99861   0.034673 1.7247e-19 5.8245e-05     1.6222    0.53453     6.2708    0.99929    0.04753 4.1876e-19 8.5376e-05     1.6313    0.53294     6.6957    0.99944   0.049606 6.3083e-20 9.4256e-05      1.614    0.52609     6.6876    0.99935 
   -4.9427  0.0091771 2.5956e-20 1.0749e-05     1.7846    0.55124     6.2712    0.98964    0.01368  3.719e-20 1.3326e-05      1.733    0.53242     6.0953    0.99624   0.022723 3.7697e-20 2.4604e-05     1.6958    0.55198     6.5977    0.99869   0.034067 4.2711e-20 5.8799e-05     1.5678    0.53831     6.5327    0.99937   0.050299 1.8501e-20 8.5024e-05     1.5708    0.52753     6.8541    0.99961   0.044077  1.889e-20 9.4328e-05     1.5256    0.52151     6.9853    0.99944 
   -4.8341  0.0086724 9.2454e-21 1.3402e-05     1.9392    0.53192     6.2616    0.99359   0.011832 1.6898e-20 1.1412e-05     1.6851    0.55342     6.2684    0.99591    0.02019  2.067e-20 2.4236e-05     1.5831     0.5532     6.7732    0.99888   0.034117 1.0421e-20 5.8832e-05     1.5394    0.53735     6.7688     1.0001     0.0431 6.7579e-21 8.6082e-05     1.4708    0.51823     7.0195    0.99958   0.049744 6.4515e-21  9.555e-05     1.5229    0.51491     6.9967     1.0001 
   -4.7256  0.0062739 7.1729e-21 1.0873e-05     1.6968    0.55298     6.4458     0.9922    0.01052 9.8956e-21  1.056e-05      1.618    0.56126     7.0315    0.99768   0.019523 1.1069e-20 2.3457e-05     1.5596    0.54719     6.8735     1.0021   0.037283 5.2394e-21 5.7361e-05     1.5016    0.54145      7.225    0.99997    0.04327 3.6554e-21  8.517e-05     1.4587    0.52026     7.1578     1.0005   0.049789   3.16e-21 9.5101e-05     1.4014    0.51953     7.0968          1 
    -4.617   0.004924 2.3131e-21 9.9593e-06     1.6844    0.54915     6.0813     0.9943  0.0099723  4.142e-21 1.1236e-05     1.6037    0.53625     6.5449    0.99958   0.017169  4.358e-21 2.3487e-05     1.5071    0.54299     6.9381    0.99997   0.035074 2.3374e-21 5.8253e-05     1.4155    0.53718     7.2785     1.0005   0.047673  1.447e-21  8.636e-05     1.4547    0.53286       7.09     1.0001    0.04889 1.2054e-21 9.4263e-05     1.3801    0.51734     7.4614     1.0006 
   -4.5084  0.0060925 7.6923e-22 1.1169e-05     1.6827    0.54367      5.814     1.0057  0.0074832 1.6289e-21 1.0973e-05     1.5993     0.5517     7.3189    0.99994   0.015722 1.8521e-21 2.2181e-05     1.4963    0.54538     7.1594     1.0006   0.031129 1.1703e-21 5.8128e-05     1.3829    0.53991     7.2939     1.0008     0.0426 7.6233e-22 8.5637e-05     1.3682    0.51343     7.5438     1.0013   0.050076 4.6558e-22 9.6323e-05     1.3018    0.51538     7.5698     1.0019 
   -4.3998  0.0033865 2.5803e-22 8.9748e-06     1.5957    0.54736     5.7174     1.0038  0.0072364 7.4553e-22 1.2036e-05     1.6145     0.5678     7.5834     1.0011   0.014874 8.2179e-22 2.2943e-05     1.4811    0.56202     7.1946     1.0014   0.030357 5.1932e-22 5.6406e-05     1.3273    0.53235     7.8259     1.0012   0.038899 3.1125e-22 8.6621e-05      1.286     0.5206     8.0352     1.0011   0.045753 2.6378e-22 9.6541e-05     1.3408    0.51091     7.7662     1.0008 
   -4.2913  0.0040344 1.5588e-22 9.1656e-06     1.5879    0.56885     8.4301     1.0076   0.006901 2.9443e-22 1.0883e-05     1.6105    0.56133     6.9922     1.0024   0.013796 3.6739e-22 2.1874e-05     1.4399    0.54358     7.3377     1.0032    0.02771  2.007e-22 5.7245e-05     1.2461    0.53743     7.7761     1.0015   0.040334 1.0886e-22 8.6891e-05     1.2977    0.51519      8.247     1.0012   0.044884 8.1871e-23 9.7232e-05     1.2391    0.49805     7.8258     1.0018 
   -4.1827   0.002019 4.1527e-23 1.0291e-05     1.6184    0.57748     7.2515     1.0156  0.0049718 1.0226e-22 1.1595e-05     1.6028    0.55516     7.7092     1.0042   0.010919 1.9336e-22 2.1629e-05     1.3446    0.55585     8.1035     1.0051   0.024915 9.1049e-23 5.9461e-05     1.2551     0.5407     8.1801     1.0027   0.037492 5.5806e-23 8.4878e-05     1.1704     0.5062     8.2606     1.0013   0.037266 3.7625e-23 9.7131e-05      1.154    0.51338     8.2044     1.0007 
   -4.0741  0.0017754 1.4944e-23 7.1892e-06     1.5291    0.50908     7.6193     1.0093  0.0044834 4.6535e-23 9.6336e-06     1.4934     0.5595      8.129     1.0098  0.0092572 9.2978e-23 2.0856e-05     1.2986    0.55628     8.1848     1.0063   0.023548 2.7752e-23 6.1027e-05     1.2446    0.53731     8.0519     1.0026   0.034685 1.6547e-23 8.8273e-05     1.1016    0.51435     8.1254     1.0027   0.040101 9.5169e-24 9.7067e-05     1.1633    0.51831     8.1921     1.0017 
   -3.9656  0.0022846 8.8153e-24 7.5343e-06     1.4187    0.57377     6.6294     1.0134  0.0037353 1.6284e-23 8.3605e-06     1.4223     0.5269      8.132     1.0101  0.0089771 2.8561e-23 2.0453e-05     1.3333    0.55376     8.1675     1.0051   0.021273 9.0968e-24 5.8303e-05     1.1463    0.56199      8.308     1.0021   0.030612 5.3896e-24 8.6427e-05     1.0909    0.50921     8.6403     1.0024   0.034258 4.2987e-24 9.7106e-05     1.0405    0.50907     8.9055     1.0029 
    -3.857  0.0011915 1.6471e-24  1.059e-05     1.5749    0.55426     8.5845     1.0452  0.0024981 7.4046e-24 9.7885e-06     1.3935    0.54647     8.3982     1.0229   0.007334 1.0623e-23 2.0686e-05     1.2582    0.56366     8.1271     1.0082   0.018109 4.7966e-24 5.6643e-05     1.1232    0.52201     8.5497     1.0065   0.026003 1.6675e-24 8.7309e-05     1.0331    0.50789     9.0576     1.0023   0.032698 1.3762e-24 9.6901e-05     1.0471    0.48724     8.9745     1.0037 
   -3.7484  0.0011171 9.3942e-25 9.9573e-06     1.6615     0.5906     8.1319     1.0471  0.0025988 1.7915e-24 9.7617e-06     1.4084    0.53297     9.5323     1.0357  0.0066459 3.4216e-24 1.8473e-05     1.2084    0.54493      8.322     1.0134   0.018268 1.6582e-24 6.0475e-05     1.0173    0.53805     8.8476     1.0053   0.022535 6.6275e-25 8.7763e-05    0.99189    0.51789     9.0611     1.0091   0.027029 1.5142e-24 9.7189e-05     1.0171    0.52792     8.9899     1.0039 
   -3.6398 0.00049766 4.1057e-26 1.2944e-05     1.9501    0.61633      7.373     1.2345    0.00193 5.6909e-25 8.5252e-06     1.4275    0.55134     9.6841     1.0368  0.0058719 1.2179e-24 2.0054e-05     1.2888    0.58085     8.6238     1.0144   0.013539 4.1008e-25 5.7871e-05     1.0363    0.51794      9.353      1.011   0.022541 1.3852e-25 8.8189e-05    0.93167    0.51036     9.4852     1.0056   0.023678  2.008e-25 9.7363e-05    0.96429    0.48997     9.7792     1.0076 
   -3.5313 0.00062106 3.9725e-26 1.1031e-05     1.7875    0.55496     7.8513     1.2867  0.0014782 1.9762e-25 1.1044e-05     1.4578    0.57888     8.9025     1.0583  0.0040989 3.8312e-25 2.4468e-05     1.2316     0.5325      9.137     1.0386    0.01274 1.3175e-25 5.9266e-05    0.94048      0.532     9.0829     1.0104   0.021886 4.7705e-26 8.8336e-05    0.87428     0.5088     9.6049     1.0061   0.024366 1.1989e-25 9.8104e-05    0.85869    0.48762     9.9295      1.004 
   -3.4227 0.00035094 2.4717e-27 7.7471e-06      1.532    0.54651      9.051     1.1821  0.0013625 6.8519e-26 8.6572e-06     1.2991     0.6171     9.0234     1.0767  0.0036338 1.1858e-25 1.5793e-05     1.0628    0.53484     9.3022     1.0289   0.010134 3.2995e-26 6.2217e-05    0.93734    0.55407     10.067     1.0151   0.015635 9.4299e-27 9.0017e-05    0.91008    0.51824     9.2873     1.0084   0.018553 1.6538e-26 9.9934e-05    0.81407    0.49909     9.9941     1.0128 
   -3.3141 0.00074364 8.4311e-28 8.2849e-06     1.4839    0.45174     6.8084     1.1133  0.0010889  1.542e-26 9.7929e-06     1.3075    0.62642     9.5542     1.1108  0.0028699 2.3852e-26 1.8611e-05     1.2009    0.56919     9.9695     1.0337   0.010379 6.9114e-27 6.0587e-05    0.95423    0.53438      9.499     1.0167   0.014026 1.9246e-27 8.9239e-05    0.83729    0.50558     9.7921      1.011   0.016395 5.4619e-27 9.9083e-05    0.81945    0.48209     9.9459     1.0111 
   -3.2055 0.00042731 1.8677e-28  1.023e-05     1.5543    0.60487     6.7729     1.2045 0.00081319 2.0371e-27 9.6448e-06      1.444    0.58876     8.6249     1.1311  0.0027444 5.8315e-27 2.4381e-05     1.0748    0.54674     9.1935     1.0482   0.006582 1.9944e-27 6.1006e-05    0.87452    0.51887     9.7139      1.027   0.013767 1.4785e-27 8.9921e-05    0.76568    0.49849     12.507     1.0141   0.012024 6.5176e-28 9.9041e-05    0.76504     0.4956     10.118     1.0142 
    -3.097 0.00018071 1.3671e-30 1.8697e-05      2.006    0.56001     7.1711     1.5696 0.00063055  3.205e-28 9.3748e-06     1.5937    0.57503     9.7076     1.1758  0.0021941 1.1124e-27 2.0987e-05     1.1124    0.55596      10.09     1.0687  0.0061234  5.103e-28  5.903e-05    0.90921    0.54913     11.309     1.0323   0.010094 6.9241e-29 9.0133e-05     0.7643    0.50762     10.516     1.0229    0.01361 9.3825e-29 0.00010091     0.7827    0.49212     10.718     1.0158 
   -2.9884  0.0001629 5.0036e-31 1.2273e-05     1.7542    0.53167     6.0222     1.4964 0.00062761 3.3542e-29 1.0413e-05     1.4598     0.6101     8.2034     1.2031  0.0018675 3.5052e-28 2.5522e-05     1.0408    0.56862     11.575     1.0844  0.0056017 7.5679e-29 6.1383e-05    0.81563    0.52437     10.078     1.0377  0.0095514 4.6951e-29 9.0868e-05    0.74719    0.49267     10.521     1.0279  0.0084562 4.3154e-29 9.8017e-05    0.81923    0.51235     11.508     1.0321 
   -2.8798 0.00023854 1.4971e-32 1.1416e-05     1.9781    0.62407     5.5226     1.4289 0.00029377 3.8309e-30 1.1777e-05     1.5092    0.58187     7.9177     1.3505  0.0015559 1.9393e-29 2.4699e-05     1.1225    0.58279     9.8155     1.1178  0.0059985 1.1718e-29 6.1347e-05    0.75505    0.47759     9.3364     1.0271   0.010179 5.1218e-30 9.0448e-05    0.68684    0.44494     8.9141      1.019  0.0071582 1.8382e-30 9.9715e-05    0.74663    0.49907     10.877     1.0242 
   -2.7712 0.00012074 1.7118e-33  1.334e-05      1.893    0.56382     10.036     1.5872 0.00046141  1.384e-31 1.8628e-05      1.614    0.57884     7.4692     1.2696  0.0015929 9.7339e-30 3.2734e-05     1.2079     0.5817     10.486     1.1029  0.0048221 1.1577e-30 6.6145e-05      0.836    0.52369     10.731     1.0475  0.0048566 4.6571e-31 8.6901e-05    0.83484    0.51734     10.249     1.0573  0.0087292 1.0159e-30  0.0001023    0.70484     0.4694     11.126     1.0223 
   -2.6627 0.00040767 5.8203e-34 6.7327e-06     1.7827    0.67369     4.3501     1.4196 0.00024884 5.1105e-32 7.9139e-06     1.2242    0.59275     7.3301     1.4034  0.0012627 5.7766e-31  2.153e-05     1.2021    0.59587     9.9269     1.1458  0.0032163 2.6928e-31 6.1037e-05    0.83662    0.55512     11.343     1.0767  0.0063245 1.2703e-32 9.4266e-05    0.65102    0.46581     10.895      1.044  0.0080713 3.0284e-32  0.0001028    0.59624    0.45118      9.813      1.043 
   -2.5541 0.00025128 7.7746e-35 1.1766e-05     2.0175    0.50275     9.7231     1.5314 0.00025652 2.7394e-33 1.6914e-05     1.7631    0.57808     6.9909     1.6116 0.00085088 3.2118e-32 3.0542e-05     1.2245    0.54087     9.2575      1.227   0.003074 4.1606e-32 6.7565e-05    0.95376    0.51921     9.6595     1.1489  0.0046565 1.2271e-33 8.7291e-05    0.71193    0.47717     13.045      1.066  0.0046403 2.7566e-32 9.7609e-05    0.79768    0.53803     10.215     1.0862 
   -2.4455 0.00016458 1.0392e-36 1.2373e-05     1.8691    0.49503     6.6933      1.904 0.00023834 2.1566e-34 1.5037e-05     1.8282    0.56099     8.1147     1.6404 0.00074474 5.3125e-33 2.2656e-05      1.279    0.61689     10.367      1.258    0.00187 1.7022e-33 6.1424e-05    0.86891    0.58421     10.347      1.128  0.0036318 1.8107e-33  9.531e-05    0.90954    0.54744     9.0598     1.1208  0.0038411 2.0793e-32 9.8355e-05    0.74135    0.49976     10.981     1.0843 
   -2.3369 0.00024767 2.1679e-38 1.1179e-05     1.9194    0.61333      4.583     1.6804 0.00019286 7.2409e-36 2.0138e-05     2.1264    0.55395     5.2407     1.7434 0.00066548 1.2802e-34 3.5682e-05     1.5834    0.61098     9.9521     1.4802  0.0018429 1.0397e-34 5.9489e-05     1.0825    0.56031     10.017     1.1829  0.0019942 1.6865e-34 8.6517e-05    0.89374    0.51441     9.7597      1.193  0.0024356 1.1725e-34 9.8292e-05    0.77211    0.50381     10.815      1.137 
   -2.2284 0.00018791 2.8502e-40 1.0074e-05     1.8042    0.61039     7.7139     1.6242 0.00018767 6.1291e-37 1.0653e-05     1.7609    0.65764     9.3239     1.5019 0.00054971 1.6267e-35 3.0058e-05        1.3    0.56299     9.4854     1.3628    0.00124 4.5434e-36 6.2944e-05    0.94981    0.49665     11.015     1.2272   0.002377  5.445e-36 9.3727e-05    0.77908    0.54707     10.528     1.2037  0.0048387 1.9799e-36 0.00010509    0.57077    0.43843     11.242     1.0786 
   -2.1198 8.2924e-05 3.9006e-42  8.311e-06     1.7405    0.55624     6.6899     1.8708 0.00077017 4.1676e-38 1.4604e-05     1.5865    0.71053     4.2591      1.264 0.00037641 1.6797e-37 2.4787e-05     1.4164    0.59473     9.3998     1.4684  0.0012881 2.5523e-37 6.0479e-05    0.95075    0.51517     9.7446     1.2195  0.0013217 3.0048e-38 8.6241e-05    0.82764    0.53108         11     1.2159  0.0022367 2.3676e-37 9.9988e-05    0.86524    0.51687     10.248     1.2368 
   -2.0112 0.00019663 2.2121e-45  1.547e-05     2.2199    0.50982     9.2455     1.9892 0.00024443 1.6089e-40 1.5853e-05     1.9818    0.56297     8.2548     1.8928 0.00043663 2.5841e-38 2.4898e-05     1.3206    0.61729     7.1045     1.4219  0.0008079 9.7356e-39 5.8944e-05     1.2014    0.54461     10.009     1.5178  0.0016177 5.4161e-39 9.1853e-05    0.75468    0.44973     10.793     1.1648  0.0012079 1.6584e-39 9.7846e-05     1.0004    0.52457     10.503     1.3316 
   -1.9027 8.6717e-05 1.6084e-47 1.2129e-05     1.8197    0.49223     6.2428     1.8461 0.00013542  4.078e-42 1.5814e-05     1.9268    0.53265     6.9847      1.956 0.00034705 1.5957e-40 2.2566e-05     1.5304    0.52519     6.7409     1.6349 0.00073765 3.3447e-40 5.7822e-05     1.2507    0.58201     9.2155      1.369 0.00092692 2.2737e-39 8.4561e-05     1.0893    0.48258     9.7266     1.3995  0.0012826 1.4778e-41 9.5306e-05    0.84825    0.46839     10.741     1.3054 
   -1.7941  0.0001109 6.6016e-49 1.0315e-05     2.2595     0.5888     6.6213     1.7342 0.00017264 2.2618e-44 1.4584e-05     1.9546    0.53326     7.5668     1.9597 0.00033383 1.3425e-41 2.0835e-05     1.3751    0.55295     8.1748     1.6295 0.00074914 1.6965e-41 6.0889e-05     1.1837    0.60826     8.9478     1.3956 0.00079647 7.8644e-43 8.6106e-05     1.2569    0.53393     9.1243     1.4683  0.0012781 3.2122e-43 9.2751e-05     1.0201     0.4758     10.677      1.362 
   -1.6855 5.2365e-05 6.9675e-50 1.1139e-05      1.844    0.43589     4.6227     1.9958  0.0001664 1.6018e-46 1.1842e-05     2.1998    0.45632     8.8612     1.8099 0.00025069 6.1918e-44 2.5032e-05     1.6922    0.54124      7.709     1.8222 0.00055014 7.6626e-43 5.5822e-05     1.5552    0.56513     9.1226     1.7663 0.00073795 8.7856e-44 8.8257e-05     1.2336    0.52263     12.982     1.5516  0.0010885 1.0616e-43 9.4854e-05     1.1108    0.54029     12.758     1.4877 
   -1.5769 7.5431e-05 3.5084e-54 1.1474e-05     1.8624    0.59655       7.63     2.0003 0.00011032 7.1321e-49 8.9343e-06     1.6234    0.58136     7.2333     1.9279 0.00019219 9.6907e-46 2.8779e-05     1.6909    0.53008     8.7448     1.8907 0.00039915 2.0135e-44 5.3547e-05     1.2909    0.53588     10.345     1.6637 0.00073844 3.8491e-45 8.7867e-05     1.2659    0.49268     9.1641     1.7117 0.00085119 2.9378e-46 9.3293e-05      1.062    0.49775     9.3874     1.5838 
   -1.4684  0.0001429 4.3637e-55 1.3503e-05     1.9405    0.50809     11.708     1.9827 8.8288e-05 3.9296e-52 1.3743e-05     1.8233    0.52173     8.4069      1.991 0.00026781 1.2027e-47 2.1666e-05     1.6755    0.57537     10.069     1.8348 0.00067954 3.0148e-47 4.9802e-05     1.5575    0.57138     7.1718     1.4881 0.00079338  3.292e-48 8.4064e-05     1.2737    0.53344     7.0501     1.6555 0.00077113 2.3378e-47 9.1936e-05     1.5389    0.47293     10.128     1.8109 
   -1.3598 0.00010389 3.4238e-60 7.7737e-06     1.6178    0.51231      9.308     1.9992 0.00011622  2.102e-52 1.3588e-05     1.6272    0.54447     7.6903     1.9971 0.00027787 2.0372e-50 2.3695e-05     0.8332    0.47245     9.2673     1.3991 0.00042791 8.7117e-52 5.8194e-05       1.28    0.52446     8.9621     1.5825 0.00074867 1.1422e-50 8.2043e-05     1.5447    0.55049     9.3288     1.9356 0.00055277  1.007e-53 9.1121e-05     1.1861    0.45534     9.3043     1.7584 
   -1.2512 8.9753e-05 1.3049e-61 1.3439e-05     1.9051    0.55001     6.1116      2.003 6.0997e-05 1.9771e-55 8.9542e-06     1.7342    0.53284     9.2999     1.9424 0.00019522 9.3488e-52 3.7113e-05     1.6755    0.52999     7.8536     1.9603 0.00037967 2.0289e-53 5.7955e-05     1.1832    0.49977     8.0719     1.7513 0.00045754 1.5483e-52 7.9424e-05     1.2831    0.47158     7.7099     1.8683 0.00069539 2.2095e-50  8.762e-05     1.3688    0.45869      8.411     1.8959 
   -1.1426 7.4811e-05 3.9063e-65 2.9643e-06     1.3679    0.61419     8.8136     2.0003 7.4443e-05 5.7413e-58 9.7762e-06     1.4149    0.53611     8.4008     1.9853 0.00011573 1.3328e-54 2.1647e-05     1.6167    0.56575     11.482     1.9802 0.00024907 2.3884e-56 4.8035e-05     1.4275     0.5134      9.082     1.9018 0.00040057  7.085e-55 7.7335e-05     1.3402    0.52836     10.009     1.8464 0.00057914 1.0349e-54 8.5581e-05     1.2358    0.56488     8.3644     1.9401 
   -1.0341 2.2256e-05 1.6334e-67 7.2905e-06      1.676    0.64131     9.1804     2.0261 8.5929e-05  4.161e-61 1.0702e-05     1.6945    0.50887      8.353      1.971 0.00024917 8.0479e-59 2.7617e-05     1.9299    0.59121     7.5091     1.9865 0.00029151 6.9323e-57 5.0272e-05     1.4139    0.49361     9.3793     1.9601 0.00042198 6.2351e-58 6.5483e-05     1.6919    0.62976     9.8094     1.9339 0.00039803 1.3389e-57 8.3019e-05     1.0002    0.50667     9.4387     1.9158 
  -0.92549 9.8097e-06 1.7996e-72 7.4853e-06     1.5848    0.53457     7.6669     2.1367 5.6712e-05 4.2818e-64 1.1042e-05       1.84    0.54102     9.3881     2.0087 0.00019745 4.4615e-60 2.5072e-05     1.6845    0.51101     8.9861     1.9964 0.00048885 4.0128e-63 5.7957e-05     1.5212    0.46748     9.4169     1.9223 0.00041683 3.5322e-62 7.1789e-05     1.0468    0.52266     8.6791     1.8939 0.00051919 2.2736e-64 8.0644e-05     1.0698    0.51548     9.4559     1.9241 
  -0.81692 0.00019114 3.0559e-77 9.7064e-06     1.8051    0.47944     9.2192     1.9967  6.312e-05 6.7598e-67 9.2296e-06      1.702    0.56539     9.1615     2.0065 0.00015186 3.0396e-65 1.1711e-05     1.4989    0.61788      8.068      1.979 0.00042673 9.1672e-63 5.1092e-05     1.1213    0.45467     10.465     1.9849 0.00052086 2.7311e-65 7.5951e-05    0.95485    0.48332     7.4492     1.9871 0.00038573 4.7785e-65 7.5524e-05     1.1053    0.53384     11.801     1.9566 
  -0.70834 1.1686e-05 1.3328e-80 2.1724e-06     1.1443    0.53598     8.5016     2.0082 2.3851e-05 2.9442e-72 6.5183e-06     1.5578    0.52429     12.933      1.959 0.00014128 3.5525e-68 1.1841e-05     1.4862    0.52847     10.365     2.0075 0.00029001 3.0041e-68 4.4108e-05     1.5017    0.55886     8.3342     1.9921 0.00048171 1.3021e-69 7.2481e-05     1.0719     0.4522     9.7521      1.997 0.00053012  1.475e-69 6.9556e-05     1.2509    0.51504     12.071     1.9844 
  -0.59977 6.0067e-06 1.3302e-84 1.5042e-05     2.0134    0.33979     8.3451     2.1932 5.9259e-05 2.8227e-77 1.3207e-05     1.7348    0.63856      8.158     2.0157 0.00010765 5.1558e-72 1.5106e-05     1.3512     0.6046     7.6829     1.9858 0.00027652 3.3107e-71 4.1752e-05     1.5793    0.51613     8.6606     1.9934 0.00032932 1.4232e-72 5.7165e-05       1.13    0.53184     8.4215     1.9849 0.00036831 1.9728e-71 6.5889e-05       1.27    0.51558     11.598      1.999 
   -0.4912  2.595e-05 1.3516e-95 5.4362e-06     1.5672    0.50836     11.022     2.0141 5.6662e-05 2.3253e-80 6.2073e-06     1.5996    0.49916     10.886     2.0058 6.1844e-05 1.8189e-75 1.8359e-05     1.4905    0.45942     10.588     2.0141 0.00022982 6.8186e-76 2.8164e-05     1.3842    0.51949     10.505     1.9708 0.00023981 2.0437e-75 5.8129e-05    0.99909    0.49714     9.9095     2.0008 0.00036033 1.5041e-75 5.8683e-05    0.89027    0.47414     10.479     1.9827 
  -0.38262 1.5795e-05 1.6149e-95 1.9527e-06      1.428    0.48866     5.0961     2.0391 1.5472e-05 7.6167e-83 1.5774e-05     1.9215    0.64079     9.0846     2.0479 8.4897e-05 9.0646e-82 1.1437e-05     1.1752    0.49926     9.8115     2.0043 0.00014662 4.0585e-78 3.0671e-05     1.4921    0.58022     9.5517     1.9975 0.00034732 4.9236e-79 6.1034e-05     1.4924     0.5186     12.556     2.0025 0.00057026  9.485e-81 6.0377e-05     1.0862    0.49051     9.9658          2 
  -0.27405 3.4143e-06 2.0681e-105 3.8674e-06     1.5843     0.5828     5.6856     2.1751 6.2771e-05 1.0425e-90 5.6133e-06     1.6582    0.46687     11.595      2.011 7.4023e-05 1.0683e-85 7.6004e-06     1.2684    0.54321     7.5351     2.0058 0.00020191 3.1058e-85 3.4118e-05     1.3945    0.56839     11.485     1.9991  0.0003338 1.7206e-83 4.6978e-05    0.98819    0.46408     10.146     1.9898 0.00036676 8.2225e-86 5.2184e-05      1.045    0.47984     8.2856     2.0026 
  -0.16548 2.4326e-05 1.0687e-116 3.6787e-06     1.4375    0.51346     7.7495      2.048 8.0018e-06 2.9559e-96 3.6634e-06     1.3266    0.59401      11.22     2.0261  9.108e-05 7.6127e-90 1.0541e-05     1.4733    0.59218     9.4512     2.0141 0.00012729 7.6687e-89 2.9856e-05     1.2303    0.55151      10.25     2.0064 0.00044718  3.075e-93 4.3201e-05      1.056    0.52235     9.0215      2.009 0.00021939  1.959e-91 4.9438e-05     1.0287    0.46727     9.3651     2.0058 
 -0.056902  2.807e-05 4.5096e-117 5.9559e-07     1.1423    0.60277      11.41     2.0171  4.997e-05 4.9917e-101 2.8957e-06     1.8289     0.7282     8.7614     2.0289 4.7849e-05  2.704e-94 1.8646e-05     1.1121    0.48073     10.528     2.0342 0.00025017 7.0353e-99 2.6083e-05     1.0306    0.54415      10.29     2.0047 0.00055917 7.5953e-96 3.6575e-05    0.86418    0.48058     10.652     1.9999 0.00032352 7.4645e-98 4.5205e-05     1.2488    0.52689     10.905     2.0091 
  0.051672 5.3984e-06 5.9879e-146 1.2347e-06     1.5518     0.4364     6.9777     2.0573 5.1918e-05 1.9891e-109 1.4157e-06     0.9957    0.61542     6.7519     2.0565 8.5628e-05 4.0936e-99 1.3247e-05     1.1753    0.57181     10.653     2.0166 0.00010166 6.9963e-97 2.5288e-05    0.97321    0.52203     11.656     2.0056 0.00029755 3.8105e-99 3.5384e-05    0.86922    0.51524     10.628     1.9977 0.00031561 2.5125e-104 3.9473e-05     1.3875    0.42556      13.25     2.0015 
   0.16025 2.2205e-06 1.142e-134 2.7314e-06     1.5107    0.62952     7.5791     2.3653 0.00021413 2.494e-117 2.0649e-06     1.4332    0.50543       11.4     2.0017 7.8051e-05 5.8603e-108 7.2291e-06     1.2476    0.44394      10.53     2.0201 0.00013281 2.0899e-107 2.2319e-05    0.94604    0.50867     8.5891     2.0168 0.00040218 1.3047e-108 3.0893e-05    0.73998    0.45038     11.225     2.0017    0.00024 3.8035e-110 3.5604e-05     1.2926     0.5153     11.879     2.0045 
   0.26882 2.4963e-06 4.356e-152 3.9173e-06      1.668    0.55475     8.9081     2.3042  2.024e-05 5.6209e-124 2.2303e-06     1.2883    0.60967     7.8032      2.032 0.00010535 5.7466e-119 1.1047e-05     1.3552     0.6413      12.22     2.0198 0.00012317 6.6607e-114  1.888e-05     1.0164    0.52839     11.405     2.0202 0.00018814 9.3081e-115  2.859e-05     1.0367    0.56251      15.91     2.0005  0.0010936 2.1361e-120 3.4479e-05    0.81809    0.53147     17.489     2.0011 
   0.37739 4.2732e-06 3.5235e-162 3.4542e-06     1.9329    0.38925     4.9609     2.5656 7.5712e-06 2.451e-134 2.0517e-06     1.6002    0.50933     10.497      2.224 1.5865e-05 1.2511e-122 4.6212e-06     1.6388    0.41795     9.2921     2.0451 0.00023896 5.0354e-125  1.103e-05     1.3135    0.61389     10.448     2.0151 0.00011628 2.0552e-133 2.6765e-05    0.93999    0.55092     11.415     2.0108 0.00055793 8.8587e-129 2.5902e-05     1.0733    0.45538     7.0341     2.0021 
   0.48597 5.2965e-06 2.9352e-199 2.8922e-06      1.656    0.78542     4.1935     1.2732 1.4044e-05 1.8532e-142 6.5046e-07     1.2944    0.60063     4.6772      2.032 4.3232e-05 2.3207e-129 4.2721e-06    0.95259    0.63119     13.581      2.072 0.00096396 1.4733e-130  2.061e-05     1.1298    0.59914     4.4675      2.002 8.0766e-05 7.5138e-137 2.2256e-05     1.0134    0.48372     12.128     2.0837 0.00023292 1.5792e-149 2.1829e-05     1.1182    0.53194     15.552      2.015 
   0.59454 4.6152e-06 1.4438e-194 1.4376e-06     1.9983    0.33715     2.9506     2.3456 2.5784e-06 2.3371e-155 6.4191e-07    0.95626     0.6447     9.4985     2.0478 2.8681e-05 6.2395e-144 3.7471e-06     1.6558      0.574     13.819     2.0711 6.8392e-05 1.8325e-141 1.1575e-05    0.86484    0.56428     13.003     2.0141 0.00019816 1.079e-139 1.9809e-05    0.84897    0.62671     13.221     2.0131 0.00061355 1.0509e-156 2.2155e-05    0.79335    0.47493     13.464     2.0012 
   0.70311 1.6375e-06 5.549e-214 1.1413e-06       1.59    0.55697     7.2876     2.5166 6.9881e-06 1.2397e-167 6.6155e-07    0.91489    0.64139     8.8753     2.0156 2.8077e-05 6.1299e-155 4.0367e-06     1.2131    0.60126      13.69      2.023 8.4486e-05 2.3432e-153 1.3332e-05    0.78969     0.5198     10.809     2.0609 0.00037892 8.0272e-168 1.8216e-05     1.5128    0.38145     10.167      2.006 0.00040288 5.2057e-178  2.034e-05    0.59552    0.61589     9.8287     2.0078 
   0.81169 1.3113e-06 4.4362e-273 4.3183e-06     2.6546    0.54429     1.5712      2.977 1.2861e-05 2.5616e-161 9.3383e-07     1.1586    0.57161     14.832     2.0294  1.043e-05 2.4991e-168 5.1007e-06     1.3252    0.68597     11.548     2.1998 4.9058e-05 3.9254e-163 1.2025e-05     1.4302    0.53097     12.097     2.0116 0.00012639 1.6768e-167 1.2724e-05    0.65655    0.47845     13.462      2.013  9.633e-05 1.5397e-177 1.5395e-05    0.83415    0.57231     11.159     2.0281 
   0.92026 4.3153e-06 8.1169e-226 7.4512e-07     1.5186    0.69168     17.847     2.0366 9.0163e-07 3.0308e-192 8.9731e-07     1.3617    0.57202     12.351     2.4284 1.3094e-05 6.9631e-176 1.8228e-06    0.87081     0.6168     10.776     2.1317 3.0642e-05 8.7024e-191 7.7476e-06    0.79729    0.59332     10.485     2.0167  5.012e-05 1.4707e-170 1.2512e-05    0.79658    0.56591     9.0273     2.0105 5.7927e-05 4.2471e-210  1.285e-05    0.66775    0.53096     10.924     2.0214 
    1.0288  4.823e-06          0 2.3887e-07     1.6135    0.64047     23.751     2.0307  4.501e-07 3.0359e-202 6.2829e-07     1.3823    0.48495     8.6903     2.7031 4.3414e-06 9.5889e-199 3.7741e-06    0.71141    0.39817     7.3091     2.1573 6.7341e-05 6.1861e-195 7.1863e-06    0.60617    0.40192     14.025     2.0084    3.7e-05 6.7353e-196 1.0551e-05    0.72779    0.49046     11.192     2.0122 1.8406e-05 1.5912e-218 1.1286e-05    0.47479    0.42115     15.871      2.035 
    1.1374 2.0067e-05          0 1.2635e-06       2.08     0.4434     4.7405     2.9525 5.8696e-07 2.1629e-232 2.9376e-07      1.018    0.59475     15.308     2.0985 2.8224e-06 1.6429e-206  2.139e-06    0.93651    0.47323     13.551     2.2665 5.1414e-05 2.3384e-218 5.3964e-06    0.73978    0.37832     10.846     2.0416 2.6684e-05 3.2411e-221 8.4739e-06    0.78543    0.48891     17.135     2.0408 1.5388e-05 4.1812e-234 8.9833e-06     1.0665    0.55491     12.193     2.0816 
     1.246          0          0          0          0          0          0          0 1.5363e-06 5.425e-256 6.5652e-07     1.8079    0.70458     8.7916     2.8834 2.9275e-06 2.7377e-218 3.5424e-07     1.6996    0.78359     8.3315     2.0734 1.7118e-05 5.7382e-221 4.8712e-06    0.63589      0.444     12.098     2.0161 2.5138e-05 2.2521e-219 8.0968e-06    0.60516    0.49014     15.296     2.0104 0.00017025 2.7035e-234 7.3648e-06    0.96822    0.39447     13.289     2.0035 
    1.3546          0          0          0          0          0          0          0 1.0187e-06 3.1324e-272 7.5859e-07     1.5971     0.6392     10.403     2.7044 5.1886e-06  7.42e-248 2.1464e-06     1.0271    0.55766     17.975     2.0965 5.9023e-06 1.1334e-230 4.0918e-06    0.91092    0.63667     12.792     2.1133 7.6777e-05 5.5127e-250 5.6046e-06    0.82896    0.43648      10.69     2.0078 1.3712e-05 3.4053e-282 6.7396e-06    0.62586    0.64798     12.875      2.096 
    1.4631 2.6929e-08          0 5.5059e-07     1.7332    0.65711     14.307          3 3.8933e-07          0 1.2247e-06     1.6376    0.60046     6.4116      2.807  6.871e-06 9.0752e-257 1.4066e-06     1.0487    0.51334     9.6078      2.017 1.5692e-05 5.3799e-266 3.5048e-06     0.5666    0.51427     15.845     2.0254 2.9098e-06 9.8329e-274 5.0176e-06    0.71075    0.47754     9.6277     2.2255 2.2995e-05 2.0348e-246 5.3401e-06    0.84254    0.54282      10.33     2.0514 
    1.5717 4.1707e-08          0  1.002e-15     2.4656    0.11725     11.748          2  1.001e-08          0 9.1377e-08     1.0628    0.35849     14.254          2 8.5856e-07 1.1003e-280 1.1713e-06    0.75133    0.61538     19.974     2.0147 1.9698e-05          0 2.4153e-06    0.67739    0.39314     9.1888     2.0278 2.8303e-05          0 4.2772e-06    0.59239    0.42593     17.264     2.0006 5.9074e-06          0 4.5529e-06    0.54045    0.59386     21.023      2.044 
    1.6803          0          0          0          0          0          0          0 8.7417e-07          0 8.8291e-07     1.8101    0.84113     13.401          2 5.8901e-07          0 1.6158e-06     1.5965    0.65654     15.109     2.1632 4.6942e-06 3.7398e-292 2.0574e-06    0.56544    0.62769     18.884     2.0105 4.8168e-06          0 2.9928e-06    0.64305    0.69392     23.305     2.0306 2.1143e-05          0 4.0726e-06    0.54139    0.50603      14.74     2.1111 
    1.7888          0          0          0          0          0          0          0  5.077e-08          0  7.975e-08     1.2323    0.78755     13.478     2.4316 7.4824e-07          0 9.3972e-07     1.1422    0.65815     8.3005          2 1.1967e-06          0 1.0563e-06    0.55919    0.39864     14.033     2.1001  4.354e-06          0  2.929e-06    0.45714    0.32471     9.1235     2.0059 2.0488e-07          0 3.0313e-06    0.74933    0.58693     7.9421     2.7214 
    1.8974          0          0          0          0          0          0          0 4.9783e-08          0 1.9747e-07     1.7137    0.82873     4.1119          2 3.8122e-08          0 4.2482e-07     0.4335    0.42416     12.363          2 6.6725e-06          0 2.1187e-06     0.6872    0.61147     12.484     2.0051 8.6401e-07          0 2.5432e-06    0.57151    0.48583     13.189     2.2229 2.2564e-06          0 2.7295e-06    0.43421    0.64011     17.715     1.9813 
     2.006          0          0          0          0          0          0          0 3.7484e-06          0 2.5929e-13     1.2246    0.79409     6.4787          2 2.0156e-08          0 1.0518e-07    0.51104    0.69571     10.964          2 1.8088e-06          0 1.5699e-06    0.44853    0.38913     16.008     2.1715 1.2179e-06          0 2.1614e-06    0.46896    0.40949     16.787     2.2975 3.6505e-06          0 2.0861e-06    0.48257    0.45797     14.016     2.0254 
    2.1146          0          0          0          0          0          0          0          0          0          0          0          0          0          0          0          0          0          0          0          0          0          0          0          0          0          0          0          0 4.4097e-06          0 1.4291e-06    0.40784    0.41717     14.473          2          0          0          0          0          0          0          0 
    2.2231          0          0          0          0          0          0          0 3.7842e-08          0 1.5532e-07     2.4712      0.128     9.3307          3          0          0          0          0          0          0          0          0          0          0          0          0          0          0 7.0401e-08          0 9.9436e-07    0.54088    0.32226     13.204          3  3.207e-05          0 1.2953e-06     0.5658     0.6961     17.996          2 
    2.3317          0          0          0          0          0          0          0          0          0          0          0          0          0          0          0          0          0          0          0          0          0 2.1236e-06          0 2.6373e-07     1.5346    0.18365      8.676          2          0          0          0          0          0          0          0          0          0          0          0          0          0          0 
    2.4403          0          0          0          0          0          0          0 5.4877e-08          0 8.1266e-08       1.88    0.16237     16.722          3          0          0          0          0          0          0          0          0          0          0          0          0          0          0 1.1437e-07          0 3.2921e-07    0.98131    0.76352     11.981          3          0          0          0          0          0          0          0 
    2.5489          0          0          0          0          0          0          0          0          0          0          0          0          0          0          0          0          0          0          0          0          0 7.0539e-07          0 6.7084e-07    0.71519    0.73381         15          2          0          0          0          0          0          0          0          0          0          0          0          0          0          0 
    2.6574          0          0          0          0          0          0          0 2.0883e-07          0 1.7782e-07      1.734    0.83467     4.1009          3          0          0          0          0          0          0          0          0          0          0          0          0          0          0          0          0          0          0          0          0          0          0          0          0          0          0          0          0 
     2.766          0          0          0          0          0          0          0          0          0          0          0          0          0          0          0          0          0          0          0          0          0          0          0          0          0          0          0          0          0          0          0          0          0          0          0          0          0          0          0          0          0          0 
    2.8746          0          0          0          0          0          0          0          0          0          0          0          0          0          0          0          0          0          0          0          0          0          0          0          0          0          0          0          0          0          0          0          0          0          0          0          0          0          0          0          0          0          0 
    2.9832          0          0          0          0          0          0          0          0          0          0          0          0          0          0          0          0          0          0          0          0          0          0          0          0          0          0          0          0          0          0          0          0          0          0          0          0          0          0          0          0          0          0 
    3.0917          0          0          0          0          0          0          0          0          0          0          0          0          0          0          0          0          0          0          0          0          0          0          0          0          0          0          0          0          0          0          0          0          0          0          0          0          0          0          0          0          0          0 
    3.2003          0          0          0          0          0          0          0          0          0          0          0          0          0          0          0          0          0          0          0          0          0          0          0          0          0          0          0          0          0          0          0          0          0          0          0          0          0          0          0          0          0          0 
    3.3089          0          0          0          0          0          0          0          0          0          0          0          0          0          0          0          0          0          0          0          0          0          0          0          0          0          0          0          0          0          0          0          0          0          0          0          0          0          0          0          0          0          0 
    3.4175          0          0          0          0          0          0          0          0          0          0          0          0          0          0          0          0          0          0          0          0          0          0          0          0          0          0          0          0          0          0          0          0          0          0          0          0          0          0          0          0          0          0 
     3.526          0          0          0          0          0          0          0          0          0          0          0          0          0          0          0          0          0          0          0          0          0          0          0          0          0          0          0          0          0          0          0          0          0          0          0          0          0          0          0          0          0          0 
    3.6346          0          0          0          0          0          0          0          0          0          0          0          0          0          0          0          0          0          0          0          0          0          0          0          0          0          0          0          0          0          0          0          0          0          0          0          0          0          0          0          0          0          0 
    3.7432          0          0          0          0          0          0          0          0          0          0          0          0          0          0          0          0          0          0          0          0          0          0          0          0          0          0          0          0          0          0          0          0          0          0          0          0          0          0          0          0          0          0 
    3.8517          0          0          0          0          0          0          0          0          0          0          0          0          0          0          0          0          0          0          0          0          0          0          0          0          0          0          0          0          0          0          0          0          0          0          0          0          0          0          0          0          0          0 
    3.9603          0          0          0          0          0          0          0          0          0          0          0          0          0          0          0          0          0          0          0          0          0          0          0          0          0          0          0          0          0          0          0          0          0          0          0          0          0          0          0          0          0          0 
    4.0689          0          0          0          0          0          0          0          0          0          0          0          0          0          0          0          0          0          0          0          0          0          0          0          0          0          0          0          0          0          0          0          0          0          0          0          0          0          0          0          0          0          0 
    4.1775          0          0          0          0          0          0          0          0          0          0          0          0          0          0          0          0          0          0          0          0          0          0          0          0          0          0          0          0          0          0          0          0          0          0          0          0          0          0          0          0          0          0 
     4.286          0          0          0          0          0          0          0          0          0          0          0          0          0          0          0          0          0          0          0          0          0          0          0          0          0          0          0          0          0          0          0          0          0          0          0          0          0          0          0          0          0          0 
    4.3946          0          0          0          0          0          0          0          0          0          0          0          0          0          0          0          0          0          0          0          0          0          0          0          0          0          0          0          0          0          0          0          0          0          0          0          0          0          0          0          0          0          0 
    4.5032          0          0          0          0          0          0          0          0          0          0          0          0          0          0          0          0          0          0          0          0          0          0          0          0          0          0          0          0          0          0          0          0          0          0          0          0          0          0          0          0          0          0 
    4.6118          0          0          0          0          0          0          0          0          0          0          0          0          0          0          0          0          0          0          0          0          0          0          0          0          0          0          0          0          0          0          0          0          0          0          0          0          0          0          0          0          0          0 
    4.7203          0          0          0          0          0          0          0          0          0          0          0          0          0          0          0          0          0          0          0          0          0          0          0          0          0          0          0          0          0          0          0          0          0          0          0          0          0          0          0          0          0          0 
    4.8289          0          0          0          0          0          0          0          0          0          0          0          0          0          0          0          0          0          0          0          0          0          0          0          0          0          0          0          0          0          0          0          0          0          0          0          0          0          0          0          0          0          0 
    4.9375          0          0          0          0          0          0          0          0          0          0          0          0          0          0          0          0          0          0          0          0          0          0          0          0          0          0          0          0          0          0          0          0          0          0          0          0          0          0          0          0          0          0 
    5.0461          0          0          0          0          0          0          0          0          0          0          0          0          0          0          0          0          0          0          0          0          0          0          0          0          0          0          0          0          0          0          0          0          0          0          0          0          0          0          0          0          0          0 
    5.1546          0          0          0          0          0          0          0          0          0          0          0          0          0          0          0          0          0          0          0          0          0          0          0          0          0          0          0          0          0          0          0          0          0          0          0          0          0          0          0          0          0          0 
    5.2632          0          0          0          0          0          0          0          0          0          0          0          0          0          0          0          0          0          0          0          0          0          0          0          0          0          0          0          0          0          0          0          0          0          0          0          0          0          0          0          0          0          0 
    5.3718          0          0          0          0          0          0          0          0          0          0          0          0          0          0          0          0          0          0          0          0          0          0          0          0          0          0          0          0          0          0          0          0          0          0          0          0          0          0          0          0          0          0 
    5.4804          0          0          0          0          0          0          0          0          0          0          0          0          0          0          0          0          0          0          0          0          0          0          0          0          0          0          0          0          0          0          0          0          0          0          0          0          0          0          0          0          0          0 
    5.5889          0          0          0          0          0          0          0          0          0          0          0          0          0          0          0          0          0          0          0          0          0          0          0          0          0          0          0          0          0          0          0          0          0          0          0          0          0          0          0          0          0          0 
    5.6975          0          0          0          0          0          0          0          0          0          0          0          0          0          0          0          0          0          0          0          0          0          0          0          0          0          0          0          0          0          0          0          0          0          0          0          0          0          0          0          0          0          0 
    5.8061          0          0          0          0          0          0          0          0          0          0          0          0          0          0          0          0          0          0          0          0          0          0          0          0          0          0          0          0          0          0          0          0          0          0          0          0          0          0          0          0          0          0 
    5.9146          0          0          0          0          0          0          0          0          0          0          0          0          0          0          0          0          0          0          0          0          0          0          0          0          0          0          0          0          0          0          0          0          0          0          0          0          0          0          0          0          0          0 
    6.0232          0          0          0          0          0          0          0          0          0          0          0          0          0          0          0          0          0          0          0          0          0          0          0          0          0          0          0          0          0          0          0          0          0          0          0          0          0          0          0          0          0          0 
    6.1318          0          0          0          0          0          0          0          0          0          0          0          0          0          0          0          0          0          0          0          0          0          0          0          0          0          0          0          0          0          0          0          0          0          0          0          0          0          0          0          0          0          0 
    6.2404          0          0          0          0          0          0          0          0          0          0          0          0          0          0          0          0          0          0          0          0          0          0          0          0          0          0          0          0          0          0          0          0          0          0          0          0          0          0          0          0          0          0 
    6.3489          0          0          0          0          0          0          0          0          0          0          0          0          0          0          0          0          0          0          0          0          0          0          0          0          0          0          0          0          0          0          0          0          0          0          0          0          0          0          0          0          0          0 
    6.4575          0          0          0          0          0          0          0          0          0          0          0          0          0          0          0          0          0          0          0          0          0          0          0          0          0          0          0          0          0          0          0          0          0          0          0          0          0          0          0          0          0          0 
    6.5661          0          0          0          0          0          0          0          0          0          0          0          0          0          0          0          0          0          0          0          0          0          0          0          0          0          0          0          0          0          0          0          0          0          0          0          0          0          0          0          0          0          0 
    6.6747          0          0          0          0          0          0          0          0          0          0          0          0          0          0          0          0          0          0          0          0          0          0          0          0          0          0          0          0          0          0          0          0          0          0          0          0          0          0          0          0          0          0 
    6.7832          0          0          0          0          0          0          0          0          0          0          0          0          0          0          0          0          0          0          0          0          0          0          0          0          0          0          0          0          0          0          0          0          0          0          0          0          0          0          0          0          0          0 
    6.8918          0          0          0          0          0          0          0          0          0          0          0          0          0          0          0          0          0          0          0          0          0          0          0          0          0          0          0          0          0          0          0          0          0          0          0          0          0          0          0          0          0          0 
    7.0004          0          0          0          0          0          0          0          0          0          0          0          0          0          0          0          0          0          0          0          0          0          0          0          0          0          0          0          0          0          0          0          0          0          0          0          0          0          0          0          0          0          0 
     7.109          0          0          0          0          0          0          0          0          0          0          0          0          0          0          0          0          0          0          0          0          0          0          0          0          0          0          0          0          0          0          0          0          0          0          0          0          0          0          0          0          0          0 
    7.2175          0          0          0          0          0          0          0          0          0          0          0          0          0          0          0          0          0          0          0          0          0          0          0          0          0          0          0          0          0          0          0          0          0          0          0          0          0          0          0          0          0          0 
    7.3261          0          0          0          0          0          0          0          0          0          0          0          0          0          0          0          0          0          0          0          0          0          0          0          0          0          0          0          0          0          0          0          0          0          0          0          0          0          0          0          0          0          0 
    7.4347          0          0          0          0          0          0          0          0          0          0          0          0          0          0          0          0          0          0          0          0          0          0          0          0          0          0          0          0          0          0          0          0          0          0          0          0          0          0          0          0          0          0 
    7.5433          0          0          0          0          0          0          0          0          0          0          0          0          0          0          0          0          0          0          0          0          0          0          0          0          0          0          0          0          0          0          0          0          0          0          0          0          0          0          0          0          0          0 
    7.6518          0          0          0          0          0          0          0          0          0          0          0          0          0          0          0          0          0          0          0          0          0          0          0          0          0          0          0          0          0          0          0          0          0          0          0          0          0          0          0          0          0          0 
    7.7604          0          0          0          0          0          0          0          0          0          0          0          0          0          0          0          0          0          0          0          0          0          0          0          0          0          0          0          0          0          0          0          0          0          0          0          0          0          0          0          0          0          0 
     7.869          0          0          0          0          0          0          0          0          0          0          0          0          0          0          0          0          0          0          0          0          0          0          0          0          0          0          0          0          0          0          0          0          0          0          0          0          0          0          0          0          0          0 
    7.9775          0          0          0          0          0          0          0          0          0          0          0          0          0          0          0          0          0          0          0          0          0          0          0          0          0          0          0          0          0          0          0          0          0          0          0          0          0          0          0          0          0          0 
    8.0861          0          0          0          0          0          0          0          0          0          0          0          0          0          0          0          0          0          0          0          0          0          0          0          0          0          0          0          0          0          0          0          0          0          0          0          0          0          0          0          0          0          0 
    8.1947          0          0          0          0          0          0          0          0          0          0          0          0          0          0          0          0          0          0          0          0          0          0          0          0          0          0          0          0          0          0          0          0          0          0          0          0          0          0          0          0          0          0 
    8.3033          0          0          0          0          0          0          0          0          0          0          0          0          0          0          0          0          0          0          0          0          0          0          0          0          0          0          0          0          0          0          0          0          0          0          0          0          0          0          0          0          0          0 
    8.4118          0          0          0          0          0          0          0          0          0          0          0          0          0          0          0          0          0          0          0          0          0          0          0          0          0          0          0          0          0          0          0          0          0          0          0          0          0          0          0          0          0          0 
    8.5204          0          0          0          0          0          0          0          0          0          0          0          0          0          0          0          0          0          0          0          0          0          0          0          0          0          0          0          0          0          0          0          0          0          0          0          0          0          0          0          0          0          0 
     8.629          0          0          0          0          0          0          0          0          0          0          0          0          0          0          0          0          0          0          0          0          0          0          0          0          0          0          0          0          0          0          0          0          0          0          0          0          0          0          0          0          0          0 
    8.7376          0          0          0          0          0          0          0          0          0          0          0          0          0          0          0          0          0          0          0          0          0          0          0          0          0          0          0          0          0          0          0          0          0          0          0          0          0          0          0          0          0          0 
    8.8461          0          0          0          0          0          0          0          0          0          0          0          0          0          0          0          0          0          0          0          0          0          0          0          0          0          0          0          0          0          0          0          0          0          0          0          0          0          0          0          0          0          0 
    8.9547          0          0          0          0          0          0          0          0          0          0          0          0          0          0          0          0          0          0          0          0          0          0          0          0          0          0          0          0          0          0          0          0          0          0          0          0          0          0          0          0          0          0 
    9.0633          0          0          0          0          0          0          0          0          0          0          0          0          0          0          0          0          0          0          0          0          0          0          0          0          0          0          0          0          0          0          0          0          0          0          0          0          0          0          0          0          0          0 
    9.1719          0          0          0          0          0          0          0          0          0          0          0          0          0          0          0          0          0          0          0          0          0          0          0          0          0          0          0          0          0          0          0          0          0          0          0          0          0          0          0          0          0          0 
    9.2804          0          0          0          0          0          0          0          0          0          0          0          0          0          0          0          0          0          0          0          0          0          0          0          0          0          0          0          0          0          0          0          0          0          0          0          0          0          0          0          0          0          0 
     9.389          0          0          0          0          0          0          0          0          0          0          0          0          0          0          0          0          0          0          0          0          0          0          0          0          0          0          0          0          0          0          0          0          0          0          0          0          0          0          0          0          0          0 
    9.4976          0          0          0          0          0          0          0          0          0          0          0          0          0          0          0          0          0          0          0          0          0          0          0          0          0          0          0          0          0          0          0          0          0          0          0          0          0          0          0          0          0          0 
    9.6062          0          0          0          0          0          0          0          0          0          0          0          0          0          0          0          0          0          0          0          0          0          0          0          0          0          0          0          0          0          0          0          0          0          0          0          0          0          0          0          0          0          0 
